0  1
0  4
0  13
0  23
0  43
1  2
1  4
1  10
1  29
1  35
1  40
1  56
1  72
1  87
1  94
1  97
2  5
2  27
2  52
2  86
3  6
3  9
3  18
3  26
3  31
3  36
3  48
3  51
3  67
3  70
3  77
4  8
4  19
4  30
4  47
4  71
4  80
5  11
5  37
5  90
7  17
7  30
7  95
8  10
8  12
8  14
8  16
8  28
8  34
8  54
8  64
8  99
9  95
11  96
13  15
13  82
14  70
15  24
17  25
18  26
18  75
19  46
19  93
20  48
20  60
20  79
21  38
21  84
22  32
24  46
25  27
26  68
27  74
28  81
29  35
31  39
31  42
31  49
31  63
32  42
32  52
32  63
32  83
35  66
36  67
37  65
40  50
44  45
47  55
47  61
47  91
51  80
53  68
55  58
58  88
69  78
73  74
89  99
93  94
