0  1
0  3
0  5
0  11
0  23
0  31
0  37
0  71
0  89
0  106
0  123
0  145
0  178
1  7
1  11
1  34
1  56
1  61
1  164
1  170
1  195
2  4
2  9
2  12
2  16
2  20
2  24
2  30
2  40
2  44
2  52
2  86
2  108
2  115
2  139
2  155
2  168
2  185
2  197
3  66
3  84
4  5
4  8
4  17
4  26
4  33
4  44
4  59
4  73
4  101
5  6
5  13
5  29
5  35
5  62
5  115
5  120
5  178
6  39
7  52
7  75
7  81
7  108
7  124
7  184
8  95
8  117
8  194
9  18
9  34
9  157
9  181
10  17
10  27
10  45
10  59
10  64
10  116
10  143
10  157
10  169
11  16
11  21
11  116
11  138
12  74
12  144
13  104
14  47
14  70
14  109
14  153
15  92
16  26
16  40
16  50
16  74
16  127
16  163
17  168
18  71
19  29
19  38
19  119
19  128
20  37
21  43
21  152
23  98
23  165
25  53
26  94
27  42
27  61
27  165
29  57
31  88
31  176
32  64
32  95
32  124
32  154
32  172
33  126
33  182
35  58
35  135
36  82
36  187
37  72
37  85
37  156
40  87
41  45
41  48
41  57
41  125
41  134
42  136
43  68
43  130
44  104
45  72
45  89
46  53
46  73
46  134
46  148
46  164
46  197
47  130
47  135
47  171
48  83
49  70
50  177
51  91
51  120
52  91
53  180
54  129
54  172
56  96
57  62
57  100
58  184
60  147
63  68
63  76
66  137
67  96
67  166
69  105
72  109
73  176
74  140
74  190
76  137
82  101
82  118
83  121
84  138
86  88
86  106
86  141
87  132
91  142
92  175
93  198
96  190
98  188
106  186
108  199
113  158
116  175
125  151
132  146
150  183
180  192
